0 0.05288977734374999 0.149880904296875 0.03125 0.01171875
0 0.03942550390625 0.312725830078125 0.037109375 0.03515625
0 0.81126065625 0.05671071875 0.02734375 0.048828125
0 0.8369155566406251 0.058348265625 0.01953125 0.041015625
0 0.900961830078125 0.086186560546875 0.029296875 0.037109375
0 0.645393185546875 0.2131436015625 0.041015625 0.033203125
0 0.340531794921875 0.5358932890625 0.0390625 0.03125
0 0.26611439257812497 0.674356962890625 0.046875 0.01953125
0 0.08487819921875 0.9407477500000001 0.03515625 0.0390625
0 0.156772248046875 0.99877651953125 0.025390625 0.029296875
