0 0.674245396484375 0.085621560546875 0.02734375 0.03125
0 0.650225650390625 0.1914300625 0.037109375 0.07421875
0 0.616780435546875 0.3696018515625 0.02734375 0.03515625
0 0.580294744140625 0.47267392773437494 0.083984375 0.046875
0 0.74484228125 0.532060310546875 0.01953125 0.037109375
0 0.087452896484375 0.5747537871093751 0.044921875 0.02734375
0 0.407789203125 0.425940380859375 0.03125 0.041015625
0 0.43405251562499997 0.42263572460937504 0.029296875 0.0390625
0 0.590893310546875 0.607639859375 0.0234375 0.0390625
0 0.84242192578125 0.46123691992187493 0.041015625 0.015625
0 0.697751275390625 0.82206316796875 0.009765625 0.0390625
