0 0.231341673828125 0.17390184765625 0.0390625 0.0703125
0 0.330633505859375 0.21493268750000002 0.033203125 0.03125
0 0.74326894921875 0.56989873046875 0.029296875 0.0390625
0 0.8488045292968751 0.7066410664062499 0.033203125 0.046875
0 0.3918653828125 0.46920740624999996 0.048828125 0.03515625
0 0.1470818359375 0.6616443867187499 0.03515625 0.041015625
0 0.1686428671875 0.650863869140625 0.029296875 0.02734375
0 0.184151681640625 0.6374355078124999 0.03125 0.03125
0 0.062145267578125 0.3913395078125 0.0390625 0.0234375
0 0.06025394921874999 0.4238701875 0.04296875 0.01953125
0 0.11368489843750001 0.893468376953125 0.041015625 0.029296875
