0 0.2651076953125 0.1614275234375 0.025390625 0.07421875
0 0.29343797265625 0.157556306640625 0.02734375 0.078125
0 0.5407906171875 0.291036869140625 0.044921875 0.01953125
0 0.6080090390624999 0.423186173828125 0.037109375 0.0546875
0 0.5503741113281251 0.5905663144531249 0.021484375 0.046875
0 0.545271142578125 0.746822748046875 0.021484375 0.044921875
0 0.67126169140625 0.623999560546875 0.046875 0.015625
0 0.678476232421875 0.737848560546875 0.05078125 0.0234375
0 0.675540314453125 0.7864996933593751 0.037109375 0.01171875
0 0.120165671875 0.85127042578125 0.0234375 0.046875
0 0.14754373828124998 0.85127042578125 0.01953125 0.048828125
0 0.033777521484375 0.351675529296875 0.0625 0.02734375
