0 0.072547521484375 0.331327787109375 0.033203125 0.013671875
0 0.572367607421875 0.014282935546875 0.044921875 0.017578125
0 0.6302228046874999 0.20143729101562502 0.0234375 0.04296875
0 0.7506686757812501 0.196084142578125 0.048828125 0.017578125
0 0.756845388671875 0.14172908203125 0.041015625 0.01953125
0 0.5591906230468751 0.2967645390625 0.04296875 0.01953125
0 0.75561096875 0.2246928359375 0.05859375 0.01953125
0 0.7467576796875 0.284606935546875 0.056640625 0.0234375
0 0.363964513671875 0.45908734765625003 0.01953125 0.052734375
0 0.35964081640625 0.35346558203125 0.025390625 0.072265625
