0 0.166462263671875 0.013346853515625 0.037109375 0.021484375
0 0.227731705078125 0.30479305078124996 0.0234375 0.05859375
0 0.2254584140625 0.23505172070312502 0.021484375 0.037109375
0 0.96200470703125 0.67670590234375 0.0234375 0.041015625
0 0.983113841796875 0.6815772421875 0.02734375 0.041015625
0 0.8556124785156249 0.8575185839843751 0.021484375 0.05078125
0 0.396828369140625 0.836811306640625 0.0703125 0.037109375
0 0.373445943359375 0.87172256640625 0.056640625 0.044921875
0 0.241753443359375 0.50067958984375 0.03125 0.037109375
0 0.26659726953125 0.57667246875 0.03125 0.037109375
0 0.25900888671875 0.227261283203125 0.017578125 0.033203125
