0 0.0726576484375 0.572616947265625 0.0390625 0.037109375
0 0.34362854101562496 0.6383486503906249 0.037109375 0.0390625
0 0.37580489648437504 0.6070916171875 0.0390625 0.03515625
0 0.370472951171875 0.08161866796875 0.03125 0.041015625
0 0.441490767578125 0.215380380859375 0.0390625 0.044921875
0 0.4467768828125 0.038180583984375 0.037109375 0.03515625
0 0.8720126835937501 0.52802880078125 0.03515625 0.046875
0 0.74284759375 0.379787724609375 0.021484375 0.041015625
0 0.5027540312500001 0.7171065078125 0.04296875 0.03515625
0 0.7376414375 0.82880443359375 0.041015625 0.044921875
0 0.46161426171875003 0.9382040468749999 0.025390625 0.037109375
0 0.405765298828125 0.9639451328125 0.0390625 0.025390625
