0 0.0893551171875 0.0532345234375 0.041015625 0.021484375
0 0.7337910859375 0.17753725 0.0234375 0.056640625
0 0.918654037109375 0.398560830078125 0.037109375 0.015625
0 0.9704306796875 0.31595090625 0.015625 0.0390625
0 0.9630617207031249 0.2186030625 0.01953125 0.03515625
0 0.8199487519531251 0.55041903515625 0.015625 0.04296875
0 0.950650837890625 0.535293275390625 0.0390625 0.03125
0 0.8151007539062499 0.67064944140625 0.015625 0.03515625
0 0.489744591796875 0.64752189453125 0.048828125 0.072265625
0 0.35258337304687504 0.891893076171875 0.0390625 0.044921875
