0 0.17781496289062498 0.033562416015625 0.03125 0.05078125
0 0.9348775390625 0.5102662109375 0.041015625 0.02734375
0 0.947212890625 0.4756650390625 0.04296875 0.02734375
0 0.206687498046875 0.12815228710937498 0.025390625 0.037109375
0 0.674658689453125 0.03690113671875 0.07421875 0.03515625
0 0.553081677734375 0.271251876953125 0.033203125 0.01171875
0 0.211552265625 0.212142142578125 0.03515625 0.021484375
0 0.818753859375 0.8667625195312499 0.044921875 0.0234375
0 0.9111890625 0.8034153144531251 0.029296875 0.046875
0 0.718986421875 0.9075210976562499 0.041015625 0.017578125
