0 0.24748132421874997 0.125654072265625 0.037109375 0.03515625
0 0.20524985546875 0.17228465039062502 0.03515625 0.033203125
0 0.23192359765625 0.33922659374999997 0.041015625 0.033203125
0 0.345425248046875 0.35189471093749997 0.033203125 0.03125
0 0.68491923046875 0.06401144921875 0.03515625 0.03125
0 0.697060779296875 0.18789042382812499 0.0390625 0.0390625
0 0.6734391660156249 0.63250415625 0.037109375 0.0390625
0 0.7825371269531249 0.6423581640625 0.033203125 0.037109375
0 0.708632056640625 0.702186078125 0.04296875 0.029296875
0 0.53781741796875 0.5672047949218749 0.033203125 0.048828125
0 0.550310892578125 0.65747455859375 0.025390625 0.04296875
0 0.50755153125 0.65729859375 0.02734375 0.044921875
0 0.2763326640625 0.5586225859375 0.02734375 0.056640625
0 0.24729852929687499 0.656106892578125 0.0234375 0.041015625
0 0.191502236328125 0.8734419453125 0.015625 0.041015625
