0 0.0915516796875 0.57642352734375 0.033203125 0.05078125
0 0.154568501953125 0.608619037109375 0.0546875 0.052734375
0 0.237805673828125 0.43605895703124997 0.0546875 0.03515625
0 0.10666786523437499 0.5469764140625001 0.03515625 0.033203125
0 0.026805720703125 0.10767577148437499 0.021484375 0.0390625
0 0.47610881835937496 0.3417957578125 0.01953125 0.0390625
0 0.9339378066406251 0.67300591796875 0.017578125 0.037109375
0 0.9936172890624999 0.7126613632812501 0.0390625 0.01171875
0 0.47391084570312497 0.5672866113281251 0.01953125 0.044921875
0 0.466430642578125 0.955728669921875 0.015625 0.037109375
