0 0.134770705078125 0.035318470703125 0.048828125 0.029296875
0 0.245844966796875 0.39184566015625 0.05078125 0.029296875
0 0.268188859375 0.432590408203125 0.048828125 0.029296875
0 0.450225880859375 0.36008228125 0.04296875 0.015625
0 0.49688519140625004 0.36095851171875004 0.037109375 0.015625
0 0.6311761640625 -0.0036738164062499997 0.017578125 0.04296875
0 0.831614041015625 0.044518896484375 0.048828125 0.017578125
0 0.82460419140625 0.191506673828125 0.021484375 0.0390625
0 0.8462909140625001 0.20793600585937502 0.017578125 0.048828125
0 0.818032458984375 0.24780452539062497 0.025390625 0.05859375
0 0.8460718554687501 0.27014841796875 0.0234375 0.046875
0 0.588324744140625 0.61448692578125 0.060546875 0.041015625
0 0.6036587910156249 0.63442118359375 0.048828125 0.029296875
0 0.6546992558593749 0.799152640625 0.044921875 0.02734375
0 0.71472108984375 0.776370630859375 0.060546875 0.0390625
0 0.706615951171875 0.824125228515625 0.04296875 0.02734375
0 0.02392746484375 0.6296778359375 0.03125 0.056640625
