0 0.299740373046875 0.364291794921875 0.05078125 0.01953125
0 0.293874890625 0.387284484375 0.072265625 0.021484375
0 0.155918759765625 0.415673416015625 0.037109375 0.021484375
0 0.150522515625 0.45767026562499996 0.037109375 0.017578125
0 0.906405955078125 0.142173166015625 0.03515625 0.029296875
0 0.8831786464843749 0.34863812499999997 0.04296875 0.025390625
0 0.90241742578125 0.562631482421875 0.0234375 0.04296875
0 0.45107476171874994 0.66779815625 0.015625 0.037109375
0 0.488379224609375 0.7259837343750001 0.01953125 0.05078125
0 0.45084014257812494 0.8862286972656249 0.017578125 0.048828125
0 0.95591062109375 0.88482098046875 0.0390625 0.017578125
0 0.962010720703125 0.9664684863281251 0.033203125 0.017578125
