0 0.6007309453125 0.8671840937499999 0.029296875 0.10546875
0 0.663139271484375 0.85420316015625 0.0703125 0.080078125
0 0.7228016328125 0.831985794921875 0.048828125 0.060546875
0 0.778469861328125 0.803527599609375 0.03515625 0.037109375
0 0.8154155917968751 0.810267697265625 0.03125 0.03515625
0 0.8401292890625 0.8492104941406251 0.044921875 0.052734375
0 0.9057828515625 0.83797699609375 0.0625 0.06640625
0 0.9327432480468749 0.8259945976562499 0.06640625 0.064453125
0 0.957706580078125 0.811765498046875 0.05859375 0.07421875
0 0.65065760546875 0.905128357421875 0.0546875 0.021484375
